300
1099
1126
1063
449
355
553
229
1350
260
1130
1079
688
517
314
1241
669
429
373
1143
958
504
363
483
1407
1023
667
1252
833
428
682
1420
1373
546
383
579
1458
1226
403
557
670
1482
355
420
594
492
1179
930
943
1073
1401
417
1321
668
658
1472
835
309
1257
1227
820
578
1283
400
248
1097
331
1399
1106
628
1168
1222
1433
368
1406
1285
878
940
531
1398
1325
1238
411
565
495
371
540
365
1190
718
905
1369
633
1176
487
319
968
229
897
666
1131
977
1364
514
1455
1411
1387
640
1203
1098
666
366
700
1016
409
1420
1399
778
750
928
1136
742
1328
888
287
596
418
393
338
970
783
609
1132
1439
1337
1083
1306
1029
1101
1312
279
1448
856
249
1344
603
1030
1207
1045
638
634
1430
1436
831
1487
1166
639
1259
912
649
1308
872
523
1044
568
605
270
1287
895
626
1259
809
516
1080
915
1170
1294
923
1307
564
1050
1125
965
721
1034
1169
993
1137
594
532
1251
321
1089
545
262
228
1073
1139
1178
1142
726
1387
394
244
248
443
633
565
799
606
566
650
302
244
1226
574
982
984
783
378
956
1444
953
508
985
368
1305
388
228
290
882
585
1177
547
590
270
1333
424
562
470
1339
847
1312
812
1213
1005
1463
1298
1281
797
474
1035
519
901
295
1383
938
803
297
1092
1036
746
1194
552
860
529
1005
951
764
232
1004
337
1347
643
873
433
346
633
1312
730
1107
1225
369
1288
745
429
807
1025
1276
1089
1406
512
1156
1462
1197
1056
1401
1368
497
756
909